{
  "x": 737.816650390625,
  "y": 969.2000122070312,
  "width": 112.35000610351562,
  "height": 48
}