{
  "x": 737.816650390625,
  "y": 1055.199951171875,
  "width": 112.35000610351562,
  "height": 48
}