{
  "x": 982,
  "y": 1377.199951171875,
  "width": 182.5833282470703,
  "height": 48
}